       335   
       437   
       433   
       435   
       435   
       438   
       434   
       437   
       434   
       433   
       435   
       434   
       433   
       434   
       435   
       436   
       436   
       438   
       434   
       435   
       434   
       433   
       434   
       437   
       440   
       435   
       435   
       440   
       435   
       435   
       434   
       437   
       434   
       433   
       431   
       432   
       435   
       438   
       435   
       435   
       437   
       435   
       434   
       435   
       435   
       434   
       437   
       437   
       434   
       433   
       437   
       442   
       434   
       436   
       433   
       439   
       433   
       433   
       432   
       433   
       434   
       438   
       442   
       434   
       434   
       437   
       436   
       435   
       434   
       433   
       433   
       436   
       437   
       432   
       430   
       431   
       433   
       440   
       432   
       437   
       433   
       438   
       435   
       433   
       436   
       439   
       432   
       437   
       438   
       432   
       437   
       434   
       433   
       432   
       434   
       435   
       435   
       436   
       434   
       438   
       435   
       435   
       434   
       434   
       434   
       436   
       434   
       441   
       433   
       432   
       437   
       439   
       433   
       434   
       438   
       439   
       437   
       438   
       433   
       433   
       434   
       430   
       437   
       432   
       436   
       438   
       430   
       437   
       433   
       433   
       430   
       440   
       432   
       436   
       435   
       438   
       435   
       434   
       436   
       435   
       434   
       438   
       435   
       433   
       435   
       437   
       435   
       434   
       434   
       434   
       436   
       434   
       440   
       438   
       434   
       439   
       435   
       436   
       437   
       434   
       438   
       433   
       440   
       437   
       435   
       433   
       440   
       439   
       436   
       430   
       430   
       438   
       433   
       437   
       433   
       438   
       434   
       434   
       433   
       437   
       434   
       437   
       432   
       436   
       434   
       438   
       435   
       436   
       433   
       437   
       435   
       434   
       434   
       437   
       437   
       437   
       440   
       435   
       431   
       433   
       436   
       435   
       437   
       433   
       433   
       430   
       436   
       434   
       431   
       433   
       438   
       437   
       434   
       436   
       432   
       439   
       437   
       437   
       434   
       435   
       437   
       431   
       436   
       435   
       436   
       430   
       435   
       436   
       434   
       438   
       434   
       437   
       436   
       436   
       435   
       437   
       432   
       432   
       439   
       436   
       439   
       441   
       434   
       436   
       433   
       435   
       433   
       433   
       433   
       434   
       437   
       436   
       435   
       435   
       437   
       434   
       437   
       433   
       430   
       436   
       443   
       436   
       433   
       435   
       435   
       437   
       433   
       433   
       432   
       436   
       433   
       435   
       437   
       436   
       436   
       435   
       433   
       437   
       433   
       433   
       434   
       436   
       435   
       433   
       437   
       436   
       435   
       433   
       430   
       436   
       434   
       436   
       434   
       433   
       433   
       434   
       430   
       433   
       439   
       432   
       435   
       434   
       432   
       438   
       437   
       436   
       437   
       438   
       434   
       434   
       437   
       434   
       434   
       441   
       433   
       435   
       438   
       433   
       435   
       438   
       436   
       437   
       433   
       435   
       435   
       433   
       439   
       434   
       434   
       436   
       443   
       434   
       435   
       432   
       437   
       436   
       437   
       437   
       436   
       433   
       434   
       434   
       435   
       437   
       438   
       432   
       441   
       438   
       438   
       434   
       431   
       436   
       433   
       433   
       433   
       435   
       434   
       430   
       433   
       434   
       434   
       434   
       434   
       434   
       437   
       434   
       436   
       434   
       437   
       436   
       436   
       436   
       435   
       437   
       437   
       437   
       434   
       435   
       433   
       436   
       437   
       441   
       434   
       439   
       434   
       438   
       437   
       432   
       437   
       437   
       433   
       437   
       435   
       434   
       435   
       438   
       431   
       439   
       436   
       436   
       435   
       435   
       435   
       435   
       437   
       434   
       434   
       434   
       436   
       434   
       434   
       433   
       433   
       433   
       439   
       433   
       436   
       438   
       436   
       436   
       433   
       436   
       436   
       436   
       437   
       436   
       435   
       436   
       434   
       438   
       433   
       437   
       433   
       435   
       437   
       434   
       437   
       434   
       440   
       433   
       433   
       435   
       433   
       437   
       434   
       434   
       436   
       435   
       435   
       434   
       433   
       435   
       434   
       437   
       435   
       432   
       433   
       435   
       440   
       434   
       439   
       433   
       436   
       437   
       435   
       433   
       436   
       438   
       434   
       438   
       435   
       434   
       432   
       433   
       435   
       432   
       440   
       434   
       432   
       438   
       434   
       431   
       434   
       431   
       433   
       432   
       436   
       433   
       434   
       433   
       437   
       435   
       438   
       434   
       434   
       430   
       435   
       437   
       436   
       432   
