      1664   
      1666   
      1669   
      1626   
      1659   
      1649   
      1647   
      1686   
      1661   
      1640   
      1658   
      1651   
      1656   
      1649   
      1643   
      1662   
      1660   
      1675   
      1686   
      1636   
      1664   
      1631   
      1669   
      1668   
      1678   
      1653   
      1663   
      1669   
      1667   
      1658   
      1661   
      1661   
      1662   
      1671   
      1681   
      1682   
      1635   
      1662   
      1692   
      1650   
      1679   
      1671   
      1680   
      1610   
      1645   
      1657   
      1679   
      1667   
      1646   
      1653   
      1657   
      1664   
      1679   
      1656   
      1644   
      1674   
      1667   
      1672   
      1653   
      1655   
      1675   
      1668   
      1666   
      1661   
      1639   
      1688   
      1678   
      1678   
      1644   
      1693   
      1629   
      1676   
      1651   
      1676   
      1653   
      1667   
      1670   
      1663   
      1690   
      1648   
      1635   
      1649   
      1645   
      1640   
      1667   
      1683   
      1663   
      1673   
      1691   
      1651   
      1645   
      1650   
      1676   
      1660   
      1643   
      1682   
      1693   
      1682   
      1645   
      1648   
      1644   
      1677   
      1674   
      1682   
      1663   
      1681   
      1691   
      1639   
      1662   
      1668   
      1627   
      1679   
      1670   
      1692   
      1655   
      1656   
      1673   
      1613   
      1644   
      1666   
      1655   
      1671   
      1643   
      1670   
      1652   
      1675   
      1663   
      1700   
      1662   
      1696   
      1664   
      1681   
      1655   
      1651   
      1673   
      1686   
      1638   
      1660   
      1689   
      1628   
      1644   
      1664   
      1689   
      1683   
      1664   
      1692   
      1625   
      1674   
      1659   
      1686   
      1682   
      1708   
      1654   
      1650   
      1677   
      1656   
      1681   
      1677   
      1657   
      1665   
      1654   
      1701   
      1695   
      1665   
      1702   
      1689   
      1690   
      1697   
      1682   
      1643   
      1644   
      1679   
      1679   
      1648   
      1666   
      1688   
      1667   
      1656   
      1654   
      1649   
      1662   
      1651   
      1665   
      1651   
      1642   
      1674   
      1657   
      1683   
      1632   
      1671   
      1640   
      1647   
      1637   
      1643   
      1662   
      1693   
      1678   
      1678   
      1670   
      1685   
      1614   
      1659   
      1662   
      1644   
      1655   
      1639   
      1648   
      1667   
      1705   
      1646   
      1610   
      1681   
      1647   
      1667   
      1682   
      1661   
      1687   
      1690   
      1657   
      1644   
      1629   
      1684   
      1673   
      1664   
      1660   
      1639   
      1673   
      1679   
      1687   
      1690   
      1665   
      1640   
      1677   
      1675   
      1661   
      1671   
      1637   
      1661   
      1668   
      1674   
      1684   
      1680   
      1643   
      1668   
      1669   
      1661   
      1664   
      1681   
      1661   
      1672   
      1651   
      1659   
      1685   
      1671   
      1676   
      1686   
      1647   
      1651   
      1667   
      1698   
      1674   
      1683   
      1681   
      1672   
      1653   
      1627   
      1667   
      1675   
      1661   
      1687   
      1663   
      1652   
      1667   
      1647   
      1677   
      1671   
      1655   
      1680   
      1673   
      1663   
      1675   
      1646   
      1647   
      1632   
      1647   
      1635   
      1673   
      1649   
      1664   
      1650   
      1666   
      1685   
      1678   
      1679   
      1638   
      1658   
      1657   
      1664   
      1640   
      1667   
      1657   
      1641   
      1665   
      1681   
      1682   
      1643   
      1645   
      1694   
      1693   
      1653   
      1674   
      1692   
      1659   
      1651   
      1679   
      1624   
      1633   
      1624   
      1660   
      1666   
      1688   
      1662   
      1666   
      1666   
      1691   
      1648   
      1655   
      1643   
      1662   
      1675   
      1647   
      1655   
      1655   
      1663   
      1680   
      1680   
      1698   
      1638   
      1662   
      1648   
      1647   
      1684   
      1682   
      1641   
      1670   
      1668   
      1672   
      1648   
      1674   
      1678   
      1654   
      1659   
      1649   
      1673   
      1650   
      1657   
      1681   
      1667   
      1661   
      1669   
      1677   
      1663   
      1668   
      1665   
      1644   
      1667   
      1682   
      1664   
      1655   
      1671   
      1629   
      1663   
      1652   
      1666   
      1662   
      1657   
      1683   
      1673   
      1663   
      1680   
      1657   
      1681   
      1652   
      1649   
      1668   
      1662   
      1666   
      1652   
      1663   
      1650   
      1639   
      1624   
      1669   
      1685   
      1662   
      1652   
      1676   
      1687   
      1645   
      1664   
      1653   
      1667   
      1659   
      1676   
      1672   
      1651   
      1650   
      1685   
      1678   
      1651   
      1671   
      1675   
      1685   
      1650   
      1654   
      1661   
      1689   
      1668   
      1676   
      1655   
      1639   
      1683   
      1626   
      1660   
      1631   
      1669   
      1673   
      1662   
      1651   
      1679   
      1687   
      1683   
      1641   
      1686   
      1690   
      1662   
      1654   
      1638   
      1667   
      1679   
      1657   
      1655   
      1679   
      1652   
      1671   
      1684   
      1710   
      1685   
      1708   
      1668   
      1636   
      1656   
      1691   
      1653   
      1666   
      1677   
      1626   
      1693   
      1694   
      1676   
      1671   
      1683   
      1675   
      1686   
      1683   
      1679   
      1643   
      1673   
      1692   
      1654   
      1681   
      1667   
      1674   
      1674   
      1671   
      1666   
      1657   
      1690   
      1669   
      1670   
      1669   
      1666   
      1636   
      1682   
      1710   
      1695   
      1681   
      1683   
      1687   
      1669   
      1657   
      1671   
      1651   
      1674   
      1686   
      1694   
      1678   
      1669   
      1682   
      1681   
