      1530   
      1490   
      1499   
      1465   
      1471   
      1500   
      1515   
      1484   
      1482   
      1512   
      1505   
      1491   
      1516   
      1475   
      1505   
      1505   
      1507   
      1493   
      1496   
      1511   
      1497   
      1490   
      1494   
      1536   
      1475   
      1517   
      1538   
      1470   
      1531   
      1508   
      1488   
      1489   
      1517   
      1501   
      1497   
      1448   
      1499   
      1491   
      1514   
      1513   
      1491   
      1493   
      1509   
      1488   
      1473   
      1516   
      1458   
      1497   
      1505   
      1510   
      1506   
      1497   
      1513   
      1497   
      1492   
      1508   
      1485   
      1514   
      1489   
      1510   
      1524   
      1476   
      1499   
      1514   
      1513   
      1488   
      1520   
      1498   
      1519   
      1501   
      1465   
      1508   
      1463   
      1504   
      1499   
      1522   
      1511   
      1532   
      1518   
      1514   
      1474   
      1514   
      1475   
      1514   
      1490   
      1471   
      1490   
      1486   
      1519   
      1524   
      1506   
      1496   
      1495   
      1495   
      1505   
      1500   
      1495   
      1460   
      1503   
      1483   
      1509   
      1491   
      1522   
      1502   
      1476   
      1513   
      1527   
      1522   
      1476   
      1488   
      1508   
      1506   
      1468   
      1475   
      1524   
      1517   
      1516   
      1487   
      1520   
      1479   
      1513   
      1508   
      1499   
      1512   
      1497   
      1468   
      1477   
      1481   
      1516   
      1501   
      1529   
      1509   
      1506   
      1516   
      1482   
      1512   
      1470   
      1526   
      1487   
      1517   
      1532   
      1492   
      1528   
      1508   
      1507   
      1542   
      1536   
      1511   
      1493   
      1494   
      1497   
      1494   
      1511   
      1521   
      1496   
      1509   
      1494   
      1510   
      1539   
      1512   
      1512   
      1522   
      1532   
      1519   
      1539   
      1490   
      1530   
      1500   
      1523   
      1515   
      1520   
      1512   
      1519   
      1505   
      1516   
      1504   
      1493   
      1478   
      1512   
      1497   
      1513   
      1504   
      1516   
      1476   
      1512   
      1522   
      1523   
      1534   
      1460   
      1472   
      1501   
      1503   
      1509   
      1505   
      1504   
      1514   
      1494   
      1521   
      1506   
      1466   
      1499   
      1447   
      1509   
      1516   
      1512   
      1503   
      1483   
      1523   
      1487   
      1481   
      1522   
      1493   
      1511   
      1510   
      1500   
      1514   
      1482   
      1473   
      1486   
      1517   
      1501   
      1510   
      1480   
      1523   
      1518   
      1504   
      1496   
      1506   
      1520   
      1486   
      1453   
      1523   
      1522   
      1517   
      1502   
      1471   
      1512   
      1512   
      1511   
      1497   
      1500   
      1447   
      1496   
      1502   
      1514   
      1520   
      1504   
      1472   
      1459   
      1472   
      1486   
      1505   
      1510   
      1512   
      1466   
      1501   
      1481   
      1493   
      1513   
      1472   
      1490   
      1482   
      1476   
      1510   
      1496   
      1493   
      1523   
      1507   
      1528   
      1513   
      1489   
      1499   
      1474   
      1486   
      1497   
      1502   
      1493   
      1510   
      1512   
      1525   
      1488   
      1524   
      1477   
      1504   
      1501   
      1507   
      1542   
      1502   
      1508   
      1481   
      1519   
      1482   
      1472   
      1520   
      1505   
      1510   
      1536   
      1520   
      1498   
      1468   
      1487   
      1486   
      1534   
      1467   
      1484   
      1497   
      1488   
      1500   
      1500   
      1481   
      1496   
      1516   
      1509   
      1523   
      1508   
      1477   
      1497   
      1538   
      1512   
      1536   
      1503   
      1515   
      1535   
      1514   
      1514   
      1518   
      1512   
      1494   
      1508   
      1509   
      1483   
      1469   
      1521   
      1496   
      1518   
      1521   
      1512   
      1493   
      1503   
      1489   
      1477   
      1482   
      1492   
      1507   
      1492   
      1476   
      1491   
      1509   
      1512   
      1481   
      1469   
      1519   
      1475   
      1488   
      1497   
      1484   
      1528   
      1522   
      1510   
      1534   
      1490   
      1524   
      1492   
      1494   
      1486   
      1503   
      1510   
      1476   
      1514   
      1510   
      1472   
      1517   
      1509   
      1490   
      1484   
      1476   
      1513   
      1485   
      1527   
      1484   
      1510   
      1481   
      1514   
      1496   
      1523   
      1495   
      1496   
      1530   
      1487   
      1487   
      1497   
      1510   
      1484   
      1523   
      1475   
      1532   
      1532   
      1531   
      1493   
      1497   
      1499   
      1517   
      1501   
      1512   
      1462   
      1541   
      1499   
      1521   
      1480   
      1498   
      1498   
      1479   
      1500   
      1485   
      1509   
      1503   
      1470   
      1496   
      1478   
      1450   
      1524   
      1481   
      1503   
      1511   
      1488   
      1494   
      1443   
      1502   
      1522   
      1504   
      1515   
      1497   
      1516   
      1493   
      1504   
      1523   
      1509   
      1506   
      1478   
      1475   
      1497   
      1488   
      1509   
      1506   
      1516   
      1507   
      1493   
      1499   
      1473   
      1511   
      1528   
      1527   
      1473   
      1504   
      1503   
      1500   
      1480   
      1522   
      1500   
      1513   
      1509   
      1493   
      1504   
      1517   
      1492   
      1495   
      1477   
      1510   
      1499   
      1504   
      1514   
      1524   
      1513   
      1499   
      1495   
      1469   
      1495   
      1516   
      1507   
      1518   
      1534   
      1519   
      1504   
      1523   
      1500   
      1510   
      1512   
      1501   
      1523   
      1450   
      1510   
      1502   
      1486   
      1512   
      1512   
      1508   
      1496   
      1464   
      1492   
      1495   
