       937   
       931   
       938   
       940   
       940   
       939   
       935   
       937   
       935   
       937   
       936   
       937   
       941   
       937   
       939   
       939   
       936   
       937   
       938   
       935   
       939   
       936   
       935   
       939   
       937   
       941   
       937   
       939   
       934   
       935   
       940   
       937   
       938   
       934   
       935   
       939   
       936   
       938   
       937   
       940   
       935   
       934   
       939   
       939   
       935   
       940   
       939   
       939   
       937   
       938   
       938   
       934   
       932   
       938   
       935   
       939   
       939   
       941   
       936   
       939   
       931   
       934   
       934   
       936   
       937   
       938   
       941   
       936   
       935   
       938   
       937   
       938   
       935   
       936   
       934   
       938   
       938   
       934   
       936   
       939   
       940   
       939   
       941   
       931   
       935   
       939   
       938   
       936   
       939   
       943   
       935   
       936   
       931   
       938   
       940   
       934   
       936   
       940   
       940   
       938   
       936   
       940   
       940   
       935   
       935   
       933   
       931   
       937   
       939   
       931   
       938   
       936   
       931   
       940   
       939   
       935   
       935   
       939   
       939   
       939   
       935   
       941   
       934   
       940   
       935   
       939   
       938   
       936   
       933   
       937   
       938   
       938   
       937   
       937   
       939   
       940   
       941   
       935   
       938   
       937   
       936   
       937   
       936   
       937   
       937   
       937   
       935   
       936   
       937   
       931   
       940   
       939   
       936   
       938   
       939   
       940   
       935   
       942   
       939   
       935   
       939   
       938   
       936   
       939   
       934   
       938   
       941   
       940   
       937   
       933   
       941   
       935   
       938   
       934   
       936   
       936   
       931   
       939   
       934   
       939   
       937   
       935   
       936   
       933   
       938   
       936   
       941   
       944   
       939   
       935   
       941   
       939   
       936   
       939   
       936   
       931   
       939   
       940   
       939   
       936   
       937   
       937   
       937   
       940   
       931   
       931   
       931   
       938   
       935   
       938   
       939   
       931   
       941   
       931   
       938   
       938   
       940   
       939   
       940   
       937   
       938   
       938   
       936   
       941   
       940   
       939   
       935   
       937   
       934   
       937   
       940   
       937   
       937   
       943   
       935   
       931   
       938   
       936   
       934   
       935   
       939   
       931   
       939   
       931   
       937   
       938   
       934   
       936   
       931   
       938   
       938   
       935   
       931   
       938   
       934   
       935   
       931   
       939   
       937   
       938   
       934   
       937   
       932   
       934   
       937   
       938   
       938   
       937   
       938   
       939   
       939   
       934   
       936   
       937   
       935   
       940   
       935   
       937   
       940   
       939   
       937   
       939   
       940   
       939   
       940   
       936   
       940   
       936   
       937   
       939   
       941   
       939   
       934   
       938   
       941   
       939   
       939   
       935   
       934   
       938   
       935   
       931   
       933   
       936   
       939   
       938   
       935   
       937   
       935   
       937   
       937   
       937   
       933   
       938   
       931   
       937   
       939   
       934   
       938   
       940   
       939   
       938   
       941   
       940   
       939   
       944   
       938   
       938   
       938   
       931   
       939   
       939   
       939   
       937   
       936   
       934   
       938   
       934   
       935   
       935   
       939   
       943   
       936   
       935   
       940   
       942   
       938   
       937   
       935   
       937   
       939   
       939   
       937   
       935   
       937   
       938   
       933   
       940   
       940   
       939   
       938   
       941   
       938   
       936   
       933   
       934   
       937   
       940   
       936   
       937   
       937   
       939   
       934   
       936   
       938   
       940   
       931   
       941   
       935   
       937   
       941   
       937   
       941   
       939   
       941   
       939   
       939   
       938   
       938   
       936   
       938   
       940   
       938   
       935   
       936   
       935   
       937   
       939   
       938   
       940   
       934   
       940   
       934   
       936   
       939   
       933   
       937   
       937   
       938   
       938   
       936   
       931   
       944   
       935   
       934   
       942   
       938   
       935   
       942   
       933   
       938   
       938   
       934   
       940   
       931   
       937   
       936   
       935   
       935   
       937   
       937   
       938   
       931   
       937   
       933   
       935   
       937   
       939   
       937   
       931   
       941   
       931   
       931   
       935   
       936   
       940   
       935   
       941   
       940   
       943   
       937   
       939   
       937   
       937   
       934   
       940   
       931   
       941   
       939   
       933   
       938   
       935   
       936   
       936   
       938   
       931   
       938   
       935   
       935   
       935   
       938   
       932   
       941   
       936   
       939   
       937   
       940   
       935   
       934   
       941   
       938   
       941   
       942   
       937   
       939   
       938   
       939   
       938   
       935   
       939   
       942   
       938   
       944   
       936   
       940   
       941   
       935   
       936   
       938   
       938   
